T = [1/3 1/4 0 ; 1/3 11/20 1/2 ; 1/3 1/5 1/2];
x0 = [30/90 ; 30/90 ; 30/90];

x30 = T^30*x0;
alunos = 90*x30