x0 = [60/90,15/90,15/90];