T = [0.7 0.2 0.3 ; 0.2 0.3 0.3 ; 0.1 0.5 0.4];

Sol1 = 1;
Sol2 = Sol1 * T(1,1);
Sol3 = Sol2 * T(1,1)